18 0.6904296875 0.5498046875 0.0166015625 0.03076171875
18 0.63427734375 0.552734375 0.015625 0.03076171875
18 0.580078125 0.55712890625 0.0146484375 0.02490234375
18 0.4736328125 0.55126953125 0.0146484375 0.02783203125
39 0.7548828125 0.5185546875 0.015625 0.029296875
17 0.7333984375 0.5224609375 0.01708984375 0.02783203125
44 0.72021484375 0.54931640625 0.00927734375 0.0263671875
44 0.7333984375 0.54931640625 0.0166015625 0.03173828125
44 0.77294921875 0.544921875 0.01171875 0.029296875
44 0.7548828125 0.541015625 0.0126953125 0.02099609375
44 0.75439453125 0.55615234375 0.01318359375 0.0126953125