44 0.43212890625 0.42138671875 0.025390625 0.0888671875
44 0.271484375 0.4375 0.025390625 0.0546875
28 0.23388671875 0.37548828125 0.03271484375 0.056640625
44 0.2333984375 0.43505859375 0.02880859375 0.06298828125
44 0.19189453125 0.38037109375 0.03369140625 0.0576171875
44 0.19091796875 0.439453125 0.03271484375 0.052734375
18 0.11474609375 0.43798828125 0.03369140625 0.0576171875
44 0.162109375 0.4375 0.02490234375 0.056640625
18 0.177734375 0.560546875 0.0166015625 0.02685546875
42 0.1767578125 0.58837890625 0.01513671875 0.02685546875
44 0.33740234375 0.5673828125 0.0185546875 0.03125
44 0.33740234375 0.59912109375 0.017578125 0.03515625
2 0.5224609375 0.576171875 0.015625 0.02294921875