18 0.1181640625 0.43603515625 0.0322265625 0.0556640625
44 0.27685546875 0.43359375 0.0244140625 0.052734375
44 0.166015625 0.4384765625 0.0244140625 0.052734375
44 0.19775390625 0.435546875 0.03173828125 0.0546875
44 0.23828125 0.43310546875 0.0263671875 0.05810546875
44 0.43896484375 0.41748046875 0.0244140625 0.0888671875
44 0.341796875 0.5986328125 0.01708984375 0.03076171875
17 0.34228515625 0.5654296875 0.01708984375 0.03076171875
42 0.18115234375 0.5859375 0.01220703125 0.0224609375
18 0.18212890625 0.55810546875 0.01220703125 0.0224609375
44 0.4150390625 0.61181640625 0.00732421875 0.01318359375
49 0.509765625 0.626953125 0.005859375 0.01123046875
1 0.52783203125 0.576171875 0.01318359375 0.02294921875
44 0.1953125 0.376953125 0.0322265625 0.0556640625
28 0.23828125 0.37548828125 0.02880859375 0.04541015625