44 0.19775390625 0.37451171875 0.033203125 0.05810546875
18 0.11962890625 0.43408203125 0.037109375 0.0576171875
28 0.240234375 0.37060546875 0.0302734375 0.04541015625
44 0.34423828125 0.59619140625 0.017578125 0.03125
44 0.34375 0.5625 0.017578125 0.0341796875
18 0.18310546875 0.55712890625 0.01416015625 0.02294921875
42 0.18212890625 0.5849609375 0.0146484375 0.02490234375
1 0.53076171875 0.57373046875 0.01416015625 0.02685546875
44 0.16748046875 0.43212890625 0.0234375 0.056640625
44 0.19775390625 0.4326171875 0.03173828125 0.0537109375
44 0.23974609375 0.43017578125 0.0283203125 0.06005859375
44 0.2763671875 0.43212890625 0.0244140625 0.056640625
44 0.439453125 0.41845703125 0.02587890625 0.0908203125