10 0.650390625 0.40478515625 0.017578125 0.0126953125
44 0.64892578125 0.4189453125 0.01904296875 0.013671875
44 0.6484375 0.43408203125 0.02587890625 0.01513671875
2 0.53076171875 0.38623046875 0.013671875 0.0107421875
17 0.5302734375 0.39697265625 0.01318359375 0.01025390625
52 0.515625 0.38525390625 0.013671875 0.0107421875
53 0.50048828125 0.3857421875 0.0146484375 0.0107421875
44 0.5 0.3935546875 0.0078125 0.0048828125
44 0.49951171875 0.3984375 0.00927734375 0.005859375
44 0.51513671875 0.3935546875 0.00830078125 0.005859375
44 0.51513671875 0.39794921875 0.0078125 0.00390625