10 0.42822265625 0.5048828125 0.02392578125 0.01806640625
44 0.42626953125 0.5244140625 0.02490234375 0.0185546875
44 0.42578125 0.54443359375 0.03515625 0.01953125
2 0.26416015625 0.4853515625 0.01904296875 0.01416015625
52 0.2431640625 0.484375 0.01904296875 0.013671875
53 0.22216796875 0.4853515625 0.01904296875 0.013671875
17 0.26416015625 0.5 0.01904296875 0.0126953125
44 0.2216796875 0.49560546875 0.009765625 0.005859375
44 0.2216796875 0.50244140625 0.0107421875 0.00634765625
44 0.2431640625 0.4951171875 0.01025390625 0.005859375
44 0.2431640625 0.50146484375 0.01123046875 0.00634765625