10 0.88134765625 0.40185546875 0.0498046875 0.0361328125
44 0.8759765625 0.44140625 0.05322265625 0.03759765625
44 0.87158203125 0.48193359375 0.078125 0.0439453125
2 0.5869140625 0.39111328125 0.0283203125 0.02099609375
17 0.58544921875 0.41259765625 0.02734375 0.02001953125
52 0.55615234375 0.388671875 0.02685546875 0.021484375
53 0.525390625 0.38916015625 0.0283203125 0.02099609375
44 0.52490234375 0.404296875 0.01513671875 0.0087890625
44 0.5234375 0.41455078125 0.01611328125 0.01025390625
44 0.5556640625 0.40380859375 0.01708984375 0.009765625
44 0.55419921875 0.4150390625 0.01708984375 0.0107421875