46 0.68359375 0.39990234375 0.16015625 0.1123046875
0 0.5068359375 0.451171875 0.03759765625 0.03076171875
10 0.47509765625 0.435546875 0.02197265625 0.01611328125
44 0.474609375 0.45556640625 0.02294921875 0.021484375
44 0.47314453125 0.47509765625 0.0341796875 0.0224609375
53 0.25 0.40673828125 0.0205078125 0.01611328125
52 0.2734375 0.40673828125 0.02099609375 0.01611328125
2 0.29736328125 0.4052734375 0.02001953125 0.015625
17 0.2978515625 0.42138671875 0.0224609375 0.01611328125
44 0.25 0.41796875 0.01953125 0.0068359375
44 0.25048828125 0.4248046875 0.02001953125 0.0068359375
44 0.2734375 0.4189453125 0.01806640625 0.00634765625
44 0.27294921875 0.42578125 0.02001953125 0.00634765625