49 0.84619140625 0.28564453125 0.2802734375 0.15576171875
0 0.455078125 0.45947265625 0.0517578125 0.037109375
10 0.400390625 0.4541015625 0.02734375 0.02001953125
44 0.400390625 0.47607421875 0.0283203125 0.0205078125
44 0.3994140625 0.49853515625 0.04296875 0.02294921875
53 0.1357421875 0.4423828125 0.02294921875 0.0166015625
52 0.16064453125 0.44384765625 0.02392578125 0.01708984375
2 0.18603515625 0.4423828125 0.02294921875 0.017578125
17 0.1865234375 0.46044921875 0.02490234375 0.0185546875
44 0.13525390625 0.455078125 0.02099609375 0.00732421875
44 0.13623046875 0.462890625 0.02001953125 0.005859375
44 0.1611328125 0.4560546875 0.01806640625 0.00732421875
44 0.1611328125 0.4638671875 0.02001953125 0.00634765625