0 0.6279296875 0.3759765625 0.0791015625 0.060546875
10 0.51904296875 0.3916015625 0.0361328125 0.02587890625
44 0.51708984375 0.42041015625 0.03515625 0.02783203125
44 0.51708984375 0.44970703125 0.048828125 0.0283203125
53 0.2109375 0.3759765625 0.0283203125 0.0205078125
52 0.24072265625 0.3779296875 0.02685546875 0.01953125
2 0.27197265625 0.3759765625 0.02734375 0.02099609375
17 0.27197265625 0.39697265625 0.0283203125 0.021484375
44 0.2109375 0.39208984375 0.02685546875 0.0087890625
44 0.2109375 0.4013671875 0.0244140625 0.00732421875
44 0.24072265625 0.392578125 0.0234375 0.00830078125
44 0.240234375 0.40185546875 0.02392578125 0.0078125