0 0.64794921875 0.36279296875 0.03125 0.02685546875
49 0.56103515625 0.302734375 0.0390625 0.0302734375
44 0.52294921875 0.28125 0.0361328125 0.06689453125
44 0.44970703125 0.29248046875 0.10302734375 0.0478515625
30 0.37646484375 0.2998046875 0.03515625 0.03466796875
30 0.20703125 0.30517578125 0.0361328125 0.0341796875
53 0.2646484375 0.27783203125 0.04345703125 0.029296875
52 0.31591796875 0.27685546875 0.04345703125 0.02978515625
2 0.47021484375 0.37060546875 0.01220703125 0.009765625
17 0.4697265625 0.380859375 0.01025390625 0.0087890625
2 0.4775390625 0.40380859375 0.0078125 0.0048828125
17 0.4775390625 0.4091796875 0.0078125 0.00439453125