0 0.68798828125 0.37548828125 0.02734375 0.0263671875
51 0.60205078125 0.31787109375 0.04150390625 0.02978515625
44 0.5634765625 0.29736328125 0.03515625 0.0673828125
44 0.49169921875 0.31103515625 0.10498046875 0.0498046875
30 0.41748046875 0.3203125 0.0361328125 0.03515625
30 0.24853515625 0.3291015625 0.0361328125 0.03662109375
53 0.30615234375 0.2998046875 0.04541015625 0.029296875
52 0.3583984375 0.2978515625 0.04345703125 0.02880859375
44 0.3056640625 0.32373046875 0.03173828125 0.013671875
44 0.30615234375 0.3359375 0.03173828125 0.0126953125
44 0.35791015625 0.32080078125 0.029296875 0.0126953125
44 0.3583984375 0.33349609375 0.0302734375 0.0146484375
49 0.51171875 0.38720703125 0.013671875 0.00927734375
49 0.5107421875 0.39794921875 0.0126953125 0.0087890625
49 0.51953125 0.419921875 0.0078125 0.005859375
49 0.5205078125 0.42578125 0.00634765625 0.0048828125