0 0.82666015625 0.36767578125 0.048828125 0.0439453125
51 0.69775390625 0.271484375 0.05322265625 0.04248046875
44 0.64501953125 0.232421875 0.0517578125 0.1025390625
44 0.5498046875 0.2353515625 0.13818359375 0.0830078125
30 0.44873046875 0.23193359375 0.04541015625 0.052734375
44 0.373046875 0.2216796875 0.03759765625 0.0205078125
44 0.37060546875 0.2392578125 0.04052734375 0.0185546875
52 0.375 0.1884765625 0.06005859375 0.04345703125
53 0.30419921875 0.185546875 0.05712890625 0.04345703125
30 0.2265625 0.2197265625 0.05029296875 0.0498046875
44 0.30224609375 0.21923828125 0.03955078125 0.0185546875
44 0.2998046875 0.23828125 0.04443359375 0.01904296875