10 0.96533203125 0.2646484375 0.06787109375 0.068359375
44 0.96630859375 0.337890625 0.0654296875 0.06884765625
44 0.95458984375 0.4140625 0.08935546875 0.07666015625
51 0.8466796875 0.41748046875 0.05078125 0.03857421875
2 0.841796875 0.46337890625 0.03857421875 0.03125
2 0.53955078125 0.3623046875 0.029296875 0.02294921875
17 0.537109375 0.38671875 0.029296875 0.02197265625
52 0.50634765625 0.36328125 0.0283203125 0.02197265625
53 0.4736328125 0.3623046875 0.02734375 0.0234375
44 0.47216796875 0.37890625 0.025390625 0.00927734375
44 0.470703125 0.38916015625 0.0244140625 0.0107421875
44 0.50390625 0.390625 0.02685546875 0.01025390625
44 0.5048828125 0.380859375 0.02685546875 0.01025390625