18 0.33935546875 0.45947265625 0.017578125 0.0146484375
42 0.337890625 0.47509765625 0.02001953125 0.01611328125
30 0.40771484375 0.42529296875 0.02099609375 0.02099609375
53 0.4365234375 0.4111328125 0.02392578125 0.01904296875
52 0.4638671875 0.41259765625 0.025390625 0.0185546875
30 0.49560546875 0.42822265625 0.02099609375 0.02099609375
44 0.54833984375 0.42626953125 0.06298828125 0.0302734375
44 0.60107421875 0.42236328125 0.02392578125 0.04345703125
51 0.63134765625 0.43505859375 0.02392578125 0.0185546875
10 0.630859375 0.46728515625 0.015625 0.01123046875
44 0.630859375 0.47998046875 0.01513671875 0.01123046875
44 0.6298828125 0.4921875 0.02197265625 0.0126953125
44 0.43603515625 0.42529296875 0.0166015625 0.0078125
44 0.435546875 0.4326171875 0.01708984375 0.0078125
44 0.462890625 0.42626953125 0.017578125 0.0087890625
44 0.46240234375 0.43408203125 0.01708984375 0.0087890625
2 0.54736328125 0.45263671875 0.013671875 0.0107421875
17 0.54638671875 0.46337890625 0.013671875 0.009765625