53 0.244140625 0.40771484375 0.04296875 0.03369140625
52 0.29296875 0.40771484375 0.04443359375 0.03076171875
51 0.5869140625 0.4375 0.04296875 0.03125
44 0.53271484375 0.416015625 0.03564453125 0.07080078125
30 0.19580078125 0.43408203125 0.03515625 0.0380859375
30 0.35009765625 0.43505859375 0.03564453125 0.03857421875
44 0.44189453125 0.42724609375 0.10693359375 0.05029296875
18 0.04833984375 0.49169921875 0.03857421875 0.02685546875
42 0.04833984375 0.52294921875 0.0380859375 0.02880859375
2 0.44140625 0.48486328125 0.0234375 0.01611328125
10 0.5732421875 0.5 0.02294921875 0.01708984375
17 0.44189453125 0.5009765625 0.0205078125 0.015625
44 0.57568359375 0.53759765625 0.033203125 0.02001953125
44 0.5751953125 0.51806640625 0.02392578125 0.017578125
44 0.24560546875 0.4453125 0.03173828125 0.01416015625
44 0.29345703125 0.43212890625 0.03173828125 0.01416015625
44 0.29443359375 0.44677734375 0.03173828125 0.01416015625
44 0.2451171875 0.43212890625 0.03173828125 0.01416015625