30 0.16259765625 0.40380859375 0.04638671875 0.04296875
53 0.2236328125 0.373046875 0.0556640625 0.0380859375
52 0.2841796875 0.3740234375 0.052734375 0.0390625
44 0.22314453125 0.40234375 0.03759765625 0.01611328125
44 0.2236328125 0.419921875 0.03759765625 0.0166015625
44 0.283203125 0.404296875 0.037109375 0.01611328125
44 0.28271484375 0.42138671875 0.0390625 0.017578125
30 0.35498046875 0.408203125 0.04443359375 0.04345703125
44 0.46923828125 0.4013671875 0.13330078125 0.06298828125
44 0.58203125 0.3896484375 0.0478515625 0.087890625
51 0.64794921875 0.4169921875 0.05224609375 0.03955078125
2 0.470703125 0.47998046875 0.02392578125 0.017578125
17 0.470703125 0.49853515625 0.02490234375 0.017578125
10 0.625 0.498046875 0.02734375 0.021484375
44 0.6259765625 0.52001953125 0.02880859375 0.01953125
44 0.626953125 0.54248046875 0.0400390625 0.02294921875