46 0.86181640625 0.46435546875 0.13671875 0.056640625
51 0.66748046875 0.490234375 0.02978515625 0.021484375
10 0.62255859375 0.46240234375 0.02490234375 0.02197265625
44 0.619140625 0.484375 0.02978515625 0.02294921875
44 0.61767578125 0.505859375 0.03857421875 0.0244140625
0 0.5908203125 0.490234375 0.021484375 0.01611328125
46 0.236328125 0.39111328125 0.07421875 0.05224609375
53 0.388671875 0.42626953125 0.021484375 0.01611328125
52 0.41162109375 0.42724609375 0.02001953125 0.015625
2 0.43505859375 0.42578125 0.02001953125 0.01513671875
17 0.43310546875 0.443359375 0.02197265625 0.0166015625
44 0.38818359375 0.4384765625 0.01806640625 0.0068359375
44 0.3876953125 0.4453125 0.0185546875 0.00537109375
44 0.41064453125 0.439453125 0.01806640625 0.00634765625
44 0.41064453125 0.44580078125 0.01806640625 0.005859375