10 0.47998046875 0.46533203125 0.03466796875 0.02783203125
51 0.54345703125 0.50390625 0.041015625 0.0283203125
44 0.4755859375 0.49365234375 0.03955078125 0.02880859375
44 0.47119140625 0.52294921875 0.0546875 0.03369140625
0 0.42919921875 0.50341796875 0.02685546875 0.02001953125
53 0.17236328125 0.41552734375 0.02734375 0.02099609375
52 0.20166015625 0.41748046875 0.02734375 0.0205078125
2 0.23193359375 0.41650390625 0.02783203125 0.02001953125
17 0.22998046875 0.4384765625 0.02734375 0.02099609375
44 0.1708984375 0.43017578125 0.02392578125 0.009765625
44 0.169921875 0.439453125 0.02490234375 0.0087890625
44 0.201171875 0.43212890625 0.0224609375 0.00927734375
44 0.2001953125 0.4404296875 0.02490234375 0.00830078125