44 0.51025390625 0.39111328125 0.017578125 0.03466796875
51 0.5302734375 0.40185546875 0.02099609375 0.01611328125
44 0.474609375 0.396484375 0.05126953125 0.02490234375
30 0.431640625 0.39794921875 0.0185546875 0.01806640625
30 0.35546875 0.39697265625 0.01953125 0.01806640625
44 0.40380859375 0.39697265625 0.0146484375 0.0068359375
44 0.37841796875 0.40283203125 0.01416015625 0.005859375
53 0.37890625 0.384765625 0.01904296875 0.0166015625
52 0.4033203125 0.38525390625 0.0224609375 0.01611328125
0 0.5673828125 0.44287109375 0.01416015625 0.0107421875
44 0.40478515625 0.4033203125 0.01416015625 0.005859375
44 0.37890625 0.39599609375 0.01416015625 0.005859375