0 0.5791015625 0.52978515625 0.013671875 0.0107421875
30 0.35888671875 0.48681640625 0.01806640625 0.01708984375
53 0.3828125 0.474609375 0.0205078125 0.015625
52 0.408203125 0.474609375 0.02099609375 0.01513671875
44 0.38330078125 0.48583984375 0.01416015625 0.005859375
44 0.3828125 0.49267578125 0.013671875 0.00634765625
44 0.408203125 0.48583984375 0.0146484375 0.0068359375
44 0.408203125 0.4921875 0.01416015625 0.005859375
30 0.43701171875 0.486328125 0.0166015625 0.017578125
44 0.48095703125 0.4833984375 0.0498046875 0.0234375
44 0.51806640625 0.478515625 0.01611328125 0.0341796875
51 0.53857421875 0.48828125 0.0205078125 0.01416015625