30 0.21630859375 0.42724609375 0.0361328125 0.0361328125
53 0.26904296875 0.40185546875 0.04248046875 0.033203125
52 0.32421875 0.40283203125 0.04248046875 0.0322265625
44 0.2685546875 0.42578125 0.03076171875 0.013671875
44 0.26904296875 0.439453125 0.03125 0.0146484375
44 0.32373046875 0.42724609375 0.0302734375 0.01416015625
44 0.3232421875 0.4404296875 0.03125 0.013671875
30 0.38427734375 0.43017578125 0.03515625 0.0361328125
44 0.478515625 0.42431640625 0.10888671875 0.0517578125
44 0.556640625 0.41455078125 0.0361328125 0.072265625
51 0.599609375 0.4365234375 0.04248046875 0.0322265625
0 0.68359375 0.52587890625 0.0302734375 0.02294921875
17 0.6025390625 0.54296875 0.0087890625 0.0068359375
2 0.6015625 0.53564453125 0.0087890625 0.00634765625