44 0.48388671875 0.419921875 0.1240234375 0.05908203125
30 0.375 0.42919921875 0.04296875 0.0439453125
30 0.18408203125 0.4287109375 0.04443359375 0.0419921875
44 0.2431640625 0.44189453125 0.03515625 0.0166015625
44 0.306640625 0.42724609375 0.03515625 0.0146484375
52 0.30615234375 0.39794921875 0.0517578125 0.037109375
53 0.244140625 0.3984375 0.0517578125 0.03564453125
44 0.57373046875 0.4072265625 0.0400390625 0.08203125
51 0.62353515625 0.431640625 0.05029296875 0.03759765625
0 0.7216796875 0.53173828125 0.03564453125 0.0263671875
44 0.306640625 0.4423828125 0.03515625 0.0166015625
44 0.24462890625 0.4267578125 0.03515625 0.0166015625
17 0.6142578125 0.55859375 0.009765625 0.0068359375
2 0.6142578125 0.55029296875 0.009765625 0.0068359375