0 0.6484375 0.40087890625 0.0263671875 0.02880859375
10 0.623046875 0.3818359375 0.02783203125 0.0205078125
44 0.62109375 0.40380859375 0.0283203125 0.0224609375
44 0.61767578125 0.42724609375 0.04150390625 0.02490234375
51 0.58251953125 0.416015625 0.02099609375 0.0166015625
2 0.58154296875 0.43798828125 0.01708984375 0.01220703125
46 0.3193359375 0.37841796875 0.04150390625 0.029296875
53 0.380859375 0.37353515625 0.01904296875 0.01416015625
52 0.400390625 0.3740234375 0.01806640625 0.01416015625
2 0.419921875 0.37353515625 0.017578125 0.01318359375
17 0.41943359375 0.388671875 0.01708984375 0.0146484375
44 0.38037109375 0.38427734375 0.0166015625 0.00732421875
44 0.3798828125 0.3896484375 0.015625 0.00537109375
44 0.3994140625 0.390625 0.015625 0.005859375
44 0.3994140625 0.384765625 0.01416015625 0.005859375