0 0.6845703125 0.45556640625 0.05517578125 0.04736328125
44 0.603515625 0.478515625 0.0380859375 0.02880859375
44 0.603515625 0.509765625 0.05517578125 0.03125
10 0.60546875 0.44775390625 0.0380859375 0.0283203125
51 0.5439453125 0.50244140625 0.02685546875 0.01953125
2 0.5439453125 0.52978515625 0.02099609375 0.01611328125
46 0.21826171875 0.47412109375 0.05322265625 0.03564453125
53 0.28857421875 0.462890625 0.021484375 0.01611328125
52 0.31298828125 0.462890625 0.02197265625 0.01708984375
2 0.33740234375 0.46142578125 0.02099609375 0.0166015625
17 0.3369140625 0.47900390625 0.02294921875 0.017578125
44 0.2880859375 0.47509765625 0.01904296875 0.0078125
44 0.28857421875 0.48193359375 0.0185546875 0.0068359375
44 0.3125 0.482421875 0.02001953125 0.0068359375
44 0.3125 0.474609375 0.01904296875 0.00634765625