0 0.6982421875 0.37109375 0.07861328125 0.05810546875
10 0.57861328125 0.37353515625 0.04150390625 0.03173828125
44 0.57666015625 0.40771484375 0.04345703125 0.033203125
44 0.57568359375 0.44384765625 0.0625 0.0361328125
46 0.1494140625 0.40576171875 0.0556640625 0.0390625
51 0.50439453125 0.4384765625 0.0283203125 0.02197265625
2 0.50390625 0.46826171875 0.02294921875 0.017578125
53 0.22216796875 0.392578125 0.0263671875 0.01904296875
52 0.2490234375 0.392578125 0.0263671875 0.01953125
2 0.2783203125 0.39111328125 0.02392578125 0.0185546875
17 0.27783203125 0.41064453125 0.02392578125 0.01904296875
44 0.2216796875 0.40625 0.0205078125 0.0068359375
44 0.22216796875 0.41455078125 0.02197265625 0.0087890625
44 0.24951171875 0.40771484375 0.02294921875 0.0087890625
44 0.2490234375 0.41552734375 0.021484375 0.00927734375