51 0.72314453125 0.35595703125 0.06591796875 0.05029296875
2 0.71826171875 0.4228515625 0.0537109375 0.0380859375
46 0.0927734375 0.33544921875 0.08642578125 0.06005859375
53 0.17724609375 0.29541015625 0.04248046875 0.03271484375
52 0.2236328125 0.29541015625 0.04296875 0.03369140625
2 0.2724609375 0.29150390625 0.041015625 0.03173828125
17 0.27197265625 0.3271484375 0.044921875 0.033203125
44 0.1748046875 0.3203125 0.03466796875 0.01220703125
44 0.17529296875 0.3330078125 0.033203125 0.01171875
44 0.22412109375 0.31982421875 0.03271484375 0.0126953125
44 0.224609375 0.333984375 0.0361328125 0.01220703125