38 0.5380859375 0.4423828125 0.03955078125 0.025390625
28 0.537109375 0.46826171875 0.03955078125 0.02490234375
51 0.4873046875 0.474609375 0.02490234375 0.01953125
2 0.3271484375 0.439453125 0.01416015625 0.01123046875
17 0.32666015625 0.451171875 0.01611328125 0.01123046875
52 0.31103515625 0.44091796875 0.01611328125 0.01123046875
53 0.294921875 0.44091796875 0.01513671875 0.01123046875
44 0.29443359375 0.44873046875 0.0126953125 0.0048828125
44 0.29443359375 0.453125 0.01171875 0.0048828125
44 0.310546875 0.44921875 0.013671875 0.0048828125
44 0.31005859375 0.45361328125 0.01318359375 0.0048828125