30 0.15283203125 0.35693359375 0.0322265625 0.03173828125
53 0.205078125 0.33740234375 0.03759765625 0.0263671875
52 0.2490234375 0.3388671875 0.0361328125 0.02783203125
44 0.2041015625 0.357421875 0.02685546875 0.0107421875
44 0.20361328125 0.36865234375 0.02734375 0.01171875
44 0.2490234375 0.35888671875 0.0263671875 0.0107421875
44 0.2490234375 0.37158203125 0.0263671875 0.0126953125
30 0.30126953125 0.36376953125 0.03076171875 0.03125
44 0.38818359375 0.36083984375 0.09375 0.046875
44 0.47998046875 0.35400390625 0.03173828125 0.064453125
17 0.3798828125 0.3955078125 0.02294921875 0.017578125
51 0.53466796875 0.37646484375 0.02783203125 0.02099609375
10 0.54345703125 0.427734375 0.02197265625 0.017578125
44 0.5419921875 0.447265625 0.02392578125 0.01611328125
44 0.541015625 0.4658203125 0.03271484375 0.0205078125