30 0.5048828125 0.4189453125 0.04345703125 0.0419921875
44 0.568359375 0.43310546875 0.0341796875 0.01513671875
44 0.56884765625 0.41748046875 0.03271484375 0.01513671875
53 0.5703125 0.39208984375 0.044921875 0.03466796875
52 0.62744140625 0.39306640625 0.04736328125 0.03515625
44 0.6259765625 0.41943359375 0.0341796875 0.01611328125
44 0.62548828125 0.4345703125 0.03515625 0.0166015625
30 0.6943359375 0.42333984375 0.04248046875 0.04248046875
44 0.8115234375 0.41796875 0.13037109375 0.0615234375
44 0.93896484375 0.40771484375 0.0478515625 0.08447265625
17 0.80419921875 0.46826171875 0.029296875 0.021484375