53 0.10205078125 0.11572265625 0.09716796875 0.07763671875
52 0.22705078125 0.115234375 0.09912109375 0.07861328125
44 0.099609375 0.17333984375 0.0771484375 0.03564453125
44 0.0986328125 0.20751953125 0.07470703125 0.0341796875
44 0.224609375 0.17431640625 0.076171875 0.03515625
44 0.2236328125 0.20849609375 0.07666015625 0.03466796875
30 0.37353515625 0.17919921875 0.0927734375 0.09375
44 0.62744140625 0.16064453125 0.287109375 0.1318359375
44 0.9091796875 0.130859375 0.10498046875 0.1953125
2 0.6591796875 0.2802734375 0.05078125 0.04345703125
17 0.65771484375 0.32177734375 0.05322265625 0.04248046875