10 0.93701171875 0.498046875 0.048828125 0.03515625
44 0.93603515625 0.53564453125 0.04833984375 0.03515625
44 0.9345703125 0.57568359375 0.06787109375 0.0380859375
41 0.87744140625 0.57421875 0.04638671875 0.0302734375
2 0.5986328125 0.43310546875 0.04150390625 0.03076171875
17 0.59375 0.46533203125 0.041015625 0.03173828125
49 0.53564453125 0.58837890625 0.01123046875 0.0087890625
49 0.53369140625 0.59765625 0.01025390625 0.00830078125
53 0.66943359375 0.58740234375 0.005859375 0.00537109375
52 0.67822265625 0.587890625 0.00634765625 0.0048828125
2 0.6865234375 0.587890625 0.00732421875 0.00537109375
17 0.685546875 0.59375 0.0068359375 0.00537109375
0 0.7587890625 0.6064453125 0.0068359375 0.00537109375
10 0.75048828125 0.60400390625 0.00634765625 0.005859375
44 0.6689453125 0.591796875 0.0068359375 0.0029296875
44 0.677734375 0.59228515625 0.005859375 0.00244140625
44 0.6689453125 0.59423828125 0.0068359375 0.00244140625
44 0.67724609375 0.5947265625 0.00634765625 0.0029296875