0 0.56103515625 0.41259765625 0.05029296875 0.037109375
1 0.43603515625 0.4912109375 0.02197265625 0.01708984375
46 0.3916015625 0.50341796875 0.03173828125 0.015625
53 0.23974609375 0.46923828125 0.01220703125 0.00927734375
52 0.25244140625 0.47021484375 0.01171875 0.00927734375
2 0.26416015625 0.4697265625 0.01123046875 0.0087890625
17 0.263671875 0.4794921875 0.0126953125 0.00927734375
44 0.23876953125 0.47705078125 0.01025390625 0.0048828125
44 0.2392578125 0.48046875 0.0087890625 0.00390625
44 0.2509765625 0.4765625 0.0107421875 0.00439453125
44 0.2509765625 0.48046875 0.01171875 0.00439453125
10 0.3720703125 0.490234375 0.013671875 0.01025390625