46 0.90869140625 0.3779296875 0.18017578125 0.12548828125
10 0.603515625 0.39453125 0.0595703125 0.04296875
44 0.6005859375 0.44091796875 0.05859375 0.0419921875
44 0.59814453125 0.48681640625 0.08447265625 0.04736328125
53 0.154296875 0.38330078125 0.0341796875 0.025390625
52 0.19384765625 0.38623046875 0.03466796875 0.0263671875
2 0.2294921875 0.38623046875 0.033203125 0.0244140625
17 0.228515625 0.412109375 0.0341796875 0.025390625
44 0.15234375 0.4013671875 0.0302734375 0.01220703125
44 0.1513671875 0.41259765625 0.03271484375 0.013671875
44 0.19091796875 0.41357421875 0.03173828125 0.01220703125
44 0.19140625 0.4033203125 0.03125 0.01025390625