0 0.8349609375 0.4931640625 0.04248046875 0.029296875
49 0.8349609375 0.5205078125 0.03564453125 0.0263671875
2 0.7373046875 0.49462890625 0.02587890625 0.01904296875
51 0.68505859375 0.4306640625 0.04345703125 0.02880859375
44 0.63525390625 0.40869140625 0.03857421875 0.0673828125
44 0.55224609375 0.41796875 0.107421875 0.05029296875
30 0.4658203125 0.4228515625 0.0361328125 0.0341796875
44 0.42041015625 0.4189453125 0.02978515625 0.01220703125
44 0.37451171875 0.43212890625 0.02978515625 0.01318359375
30 0.33056640625 0.41845703125 0.03369140625 0.03369140625
52 0.42138671875 0.39794921875 0.04052734375 0.02783203125
53 0.37548828125 0.39697265625 0.04052734375 0.02978515625
44 0.419921875 0.431640625 0.02978515625 0.01318359375
44 0.3759765625 0.41845703125 0.02978515625 0.01318359375