0 0.78759765625 0.49365234375 0.04541015625 0.03125
1 0.67529296875 0.4990234375 0.02490234375 0.01904296875
3 0.236328125 0.41845703125 0.03662109375 0.03759765625
53 0.28466796875 0.39404296875 0.04150390625 0.03076171875
52 0.33447265625 0.3955078125 0.04052734375 0.03076171875
3 0.38232421875 0.42138671875 0.03515625 0.037109375
44 0.28466796875 0.41748046875 0.03125 0.0146484375
44 0.2841796875 0.43115234375 0.03173828125 0.0146484375
44 0.33349609375 0.43212890625 0.0302734375 0.01416015625
44 0.33349609375 0.41845703125 0.03125 0.0146484375
44 0.47509765625 0.41650390625 0.11083984375 0.05322265625
44 0.564453125 0.40625 0.03759765625 0.07421875
51 0.6181640625 0.42919921875 0.04345703125 0.03076171875
2 0.5302734375 0.53271484375 0.0087890625 0.00634765625
17 0.5302734375 0.53857421875 0.00732421875 0.00537109375