46 0.04736328125 0.2509765625 0.0947265625 0.10009765625
38 0.97900390625 0.431640625 0.04150390625 0.04345703125
10 0.712890625 0.435546875 0.029296875 0.0224609375
44 0.7109375 0.458984375 0.02978515625 0.0224609375
44 0.70947265625 0.482421875 0.04248046875 0.0244140625
51 0.64453125 0.4677734375 0.021484375 0.01611328125
2 0.64453125 0.484375 0.02099609375 0.01708984375
53 0.41064453125 0.4248046875 0.017578125 0.013671875
52 0.4306640625 0.42529296875 0.01708984375 0.01416015625
2 0.44970703125 0.4248046875 0.01806640625 0.01318359375
17 0.4501953125 0.439453125 0.01708984375 0.0126953125
44 0.40966796875 0.43505859375 0.015625 0.0068359375
44 0.40966796875 0.44140625 0.015625 0.005859375
44 0.42919921875 0.44140625 0.015625 0.005859375
44 0.42919921875 0.435546875 0.01513671875 0.00537109375