10 0.48095703125 0.43408203125 0.0341796875 0.02734375
44 0.47900390625 0.46337890625 0.03564453125 0.02783203125
44 0.47802734375 0.49365234375 0.05078125 0.03076171875
51 0.38720703125 0.47802734375 0.0263671875 0.02001953125
2 0.38720703125 0.498046875 0.02587890625 0.01904296875
53 0.0859375 0.42578125 0.02392578125 0.0166015625
52 0.1123046875 0.42724609375 0.02294921875 0.01708984375
2 0.13720703125 0.42626953125 0.02294921875 0.01708984375
17 0.1376953125 0.44384765625 0.0234375 0.01708984375
44 0.08544921875 0.43896484375 0.02001953125 0.0078125
44 0.0849609375 0.44677734375 0.02001953125 0.0068359375
44 0.11181640625 0.447265625 0.0205078125 0.00732421875
44 0.11181640625 0.43994140625 0.0205078125 0.0078125