51 0.60205078125 0.43310546875 0.0537109375 0.03857421875
2 0.59912109375 0.48681640625 0.04150390625 0.02978515625
10 0.5078125 0.4736328125 0.02880859375 0.021484375
44 0.5048828125 0.4931640625 0.02685546875 0.02001953125
44 0.5029296875 0.5146484375 0.0380859375 0.02294921875
53 0.27880859375 0.44287109375 0.02001953125 0.01513671875
52 0.30224609375 0.443359375 0.02001953125 0.015625
2 0.32470703125 0.44189453125 0.02001953125 0.01513671875
17 0.32373046875 0.45751953125 0.02001953125 0.01513671875
44 0.27734375 0.46044921875 0.01708984375 0.00537109375
44 0.30126953125 0.46142578125 0.01708984375 0.00732421875
46 0.06689453125 0.3779296875 0.08203125 0.05908203125
44 0.2783203125 0.4541015625 0.01708984375 0.00537109375
44 0.30078125 0.45458984375 0.01708984375 0.00732421875