51 0.55810546875 0.39697265625 0.06640625 0.05224609375
2 0.55810546875 0.46533203125 0.052734375 0.0400390625
10 0.42431640625 0.4599609375 0.0302734375 0.0224609375
44 0.42333984375 0.48193359375 0.0302734375 0.02197265625
44 0.4228515625 0.5068359375 0.0439453125 0.02490234375
53 0.1611328125 0.43017578125 0.02294921875 0.0166015625
52 0.1875 0.43115234375 0.0244140625 0.017578125
2 0.2138671875 0.43017578125 0.0224609375 0.01806640625
17 0.21435546875 0.44677734375 0.02392578125 0.01806640625
44 0.16015625 0.44189453125 0.02099609375 0.0078125
44 0.16064453125 0.4501953125 0.02197265625 0.00732421875
44 0.1865234375 0.45068359375 0.02001953125 0.00634765625
44 0.1865234375 0.44287109375 0.01806640625 0.0068359375