10 0.89453125 0.43798828125 0.0546875 0.0400390625
44 0.89404296875 0.4794921875 0.0556640625 0.0390625
44 0.89208984375 0.52294921875 0.08154296875 0.04638671875
53 0.486328125 0.42529296875 0.02978515625 0.0224609375
52 0.5205078125 0.42578125 0.03076171875 0.0234375
2 0.55419921875 0.4228515625 0.03125 0.0244140625
17 0.5537109375 0.4462890625 0.03125 0.02392578125
44 0.486328125 0.4423828125 0.02734375 0.009765625
44 0.51904296875 0.443359375 0.02734375 0.01025390625
44 0.48583984375 0.4521484375 0.0283203125 0.00927734375
44 0.51953125 0.45263671875 0.0263671875 0.01025390625
46 0.048828125 0.26611328125 0.095703125 0.1083984375