18 0.92431640625 0.49267578125 0.02392578125 0.041015625
42 0.92578125 0.533203125 0.0234375 0.03759765625
7 0.8115234375 0.56689453125 0.0126953125 0.02783203125
18 0.11474609375 0.458984375 0.01708984375 0.0361328125
42 0.11474609375 0.49072265625 0.01513671875 0.0244140625
44 0.302734375 0.4150390625 0.0205078125 0.0751953125
3 0.3623046875 0.41455078125 0.01953125 0.076171875
3 0.4287109375 0.41015625 0.0205078125 0.07470703125
44 0.52099609375 0.4072265625 0.0234375 0.0771484375
53 0.33203125 0.3984375 0.015625 0.03076171875
52 0.40576171875 0.3955078125 0.01611328125 0.0283203125
44 0.4052734375 0.421875 0.015625 0.0185546875
44 0.40478515625 0.44140625 0.01611328125 0.01806640625
44 0.33203125 0.42578125 0.01611328125 0.01611328125
44 0.33251953125 0.44287109375 0.01708984375 0.0185546875
17 0.38525390625 0.49169921875 0.0205078125 0.03857421875