44 0.58837890625 0.384765625 0.10009765625 0.17578125
12 0.60595703125 0.10546875 0.0576171875 0.0966796875
52 0.46630859375 0.47705078125 0.01513671875 0.0283203125
53 0.396484375 0.4736328125 0.015625 0.02490234375
18 0.25 0.5166015625 0.0205078125 0.0361328125
30 0.48828125 0.490234375 0.02099609375 0.0703125
30 0.42578125 0.48828125 0.02099609375 0.0693359375
44 0.3662109375 0.48681640625 0.02392578125 0.0673828125
42 0.25048828125 0.5498046875 0.02001953125 0.03271484375
44 0.63916015625 0.49560546875 0.02099609375 0.06591796875
44 0.4658203125 0.49853515625 0.01611328125 0.01806640625
44 0.3955078125 0.51220703125 0.015625 0.01513671875
44 0.60498046875 0.22509765625 0.05419921875 0.06396484375
44 0.6044921875 0.17333984375 0.0361328125 0.0390625
44 0.46533203125 0.51611328125 0.015625 0.01513671875
44 0.3955078125 0.49560546875 0.015625 0.01513671875