12 0.46923828125 0.1328125 0.0546875 0.09716796875
44 0.46923828125 0.19921875 0.0390625 0.03955078125
44 0.47021484375 0.25 0.05419921875 0.06103515625
44 0.453125 0.408203125 0.0927734375 0.17431640625
44 0.505859375 0.51806640625 0.02197265625 0.06591796875
30 0.3564453125 0.5166015625 0.01953125 0.068359375
18 0.87060546875 0.6123046875 0.017578125 0.03173828125
42 0.87158203125 0.63916015625 0.0146484375 0.0283203125
18 0.1123046875 0.54638671875 0.017578125 0.03271484375
42 0.11279296875 0.578125 0.021484375 0.033203125
44 0.232421875 0.5107421875 0.0234375 0.0673828125
53 0.26171875 0.4990234375 0.01611328125 0.0283203125
44 0.26171875 0.52294921875 0.01708984375 0.01806640625
44 0.26123046875 0.53857421875 0.017578125 0.0146484375
30 0.2919921875 0.51318359375 0.02197265625 0.06982421875
52 0.3330078125 0.501953125 0.0166015625 0.02587890625
44 0.333984375 0.52490234375 0.017578125 0.01611328125
44 0.33203125 0.5400390625 0.01806640625 0.01708984375